   11604.500000000000        2.1656392629302406E-011
   23209.000000000000        1.9692298672072557E-009
   34813.500000000000        8.4973241410012095E-009
   46418.000000000000        1.7348127440245125E-008
   58022.500000000000        2.6397271414786474E-008
   69627.000000000000        3.4769993188301956E-008
   81231.500000000000        4.2234184180322355E-008
   92836.000000000000        4.8805675997042779E-008
   104440.50000000000        5.4579314471308874E-008
   116045.00000000000        5.9664480338300689E-008
